10 0
10 1
10 2
10 3
10 4
10 5
10 6
3 7
3 8
3 9
3 10
3 11
3 12
3 13
3 14
3 15
1 16
1 17
1 18
-6 19
-6 20
-6 21
-6 22
-6 23
-6 24
-6 25
-6 26
-6 27
-6 28
-6 29
-6 30
-6 31
-6 32
-6 33
-6 34
-6 35
-6 36
-3 37
-3 38
-11 39
-11 40
-11 41
-11 42
-11 43
-11 44
-11 45
-11 46
-11 47
-11 48
-11 49
-11 50
-11 51
-11 52
-11 53
-11 54
-11 55
-16 56
-16 57
-16 58
-16 59
-16 60
-16 61
-16 62
-16 63
-23 64
-23 65
-23 66
3 67
3 68
3 69
3 70
-5 71
-5 72
-5 73
-5 74
-5 75
-5 76
-5 77
-5 78
-6 79
-6 80
-6 81
-6 82
-6 83
-6 84
-6 85
-6 86
-6 87
-6 88
-6 89
